$Filletassen
$Filletassen$size
      2020 2021 2022 2023 2024
est   1566 1555 1271 1990 2443
2.5%   555  493  382  758  950
97.5% 2895 3099 2563 3684 4429

$Filletassen$fert
      2020 2021 2022 2023 2024
est    300   50  122  284  163
2.5%    83    6    5   19   31
97.5%  859  352  340  566  522

$Filletassen$veg
      2020 2021 2022 2023 2024
est   1266 1505 1149 1706 2280
2.5%   328  487  333  649  833
97.5% 2399 2807 2374 3224 4155

$Filletassen$forekomst
          2020     2021     2022     2023     2024
est   49.98061 38.87380 30.54370 44.42720 61.08741
2.5%  27.76700 19.99629 14.35100 24.99030 38.73497
97.5% 72.19421 61.08741 49.98061 66.64081 86.07771


$Skipstadsand
$Skipstadsand$size
      2014  2015  2016  2017 2019 2020 2021 2022 2023 2024
est   1253  2086  1695  2118  751  937  488  613  457  570
2.5%   688  1024   858   964  367  518  215  270  235  278
97.5% 9456 15641 12496 15638 5384 7320 5175 6613 5415 6379

$Skipstadsand$fert
      2014 2015 2016 2017 2019 2020 2021 2022 2023 2024
est    393  427  347  289  172  107   95  100  114  107
2.5%   173  188  169   70   75   42   48   50   50   55
97.5% 2831 3496 2755 1853 1181  840 1000 1050 1225 1315

$Skipstadsand$veg
      2014  2015  2016  2017 2019 2020 2021 2022 2023 2024
est    860  1659  1348  1829  579  830  393  513  343  463
2.5%   485   738   648   832  256  436  172  217  176  213
97.5% 6665 11900 10040 13754 4240 6200 4201 5473 4181 5135

$Skipstadsand$forekomst
           2014      2015      2016      2017      2019      2020      2021      2022      2023      2024
est    6.524963  6.525638  6.525705  6.523351  6.520492  6.523017  4.542109  4.542478  4.543560  4.544264
2.5%   5.524943  5.526026  5.526255  5.523186  5.521397  5.524328  2.495613  2.495694  2.496212  2.496328
97.5% 50.000000 50.000000 50.000000 50.000000 50.000000 50.000000 50.000000 50.000000 50.000000 50.000000


$Teneskjaer
$Teneskjaer$size
       2014 2015 2016 2017 2019 2020 2021 2022 2023 2024
est    5820 3719 1767 1565  323  140  323  286  397  638
2.5%    379  293  210  157   98   53   98   87   69  188
97.5% 15350 9174 4853 4092  643  460  610  633 1129 1818

$Teneskjaer$fert
      2014 2015 2016 2017 2019 2020 2021 2022 2023 2024
est     36    3   37   26    7    8   40   10   53  125
2.5%    11    1   11    7    2    3   12    3    8   34
97.5%   69   10  439  214   90   24  203   60  147  363

$Teneskjaer$veg
       2014 2015 2016 2017 2019 2020 2021 2022 2023 2024
est    5784 3716 1730 1539  316  132  283  276  344  513
2.5%    342  291  183  147   89   50   68   79   59  145
97.5% 15307 9171 4630 4027  621  454  541  613 1003 1477

$Teneskjaer$forekomst
          2014     2015     2016     2017     2019         2020     2021     2022      2023      2024
est   8.188409 7.379471 5.289627 5.287365 4.116511 1.322171e+00 4.941209 4.115016  9.919899  4.610248
2.5%  8.179849 5.743366 2.077198 2.077015 1.645119 1.488698e-08 2.468315 1.644931  3.290205  2.465964
97.5% 8.247193 8.239486 8.235788 8.231093 6.593377 3.329676e+00 7.419573 6.590157 20.858226 16.701921


$Skjellvik
$Skjellvik$size
       2014  2015  2016  2017  2019  2020  2021  2022  2023  2024
est    9427 13951 13146 19965  8848 13482 10120 11352 34720 22020
2.5%   4815  6338  6629  8800  4290  6366  4500  5051 15693  8886
97.5% 16001 26043 22095 36758 14469 22242 16951 18924 58081 39033

$Skjellvik$fert
      2014 2015 2016 2017 2019 2020 2021 2022  2023 2024
est   3045 2674 2379 4104 2557 3769 2760 2565  7354 2301
2.5%  1578 1042 1260 1992  812  759 1091  926  2768  475
97.5% 5572 4964 6544 7016 4512 6612 6004 4663 16662 6625

$Skjellvik$veg
       2014  2015  2016  2017  2019  2020  2021  2022  2023  2024
est    6382 11277 10767 15861  6291  9713  7360  8787 27366 19719
2.5%   2971  4811  4412  6600  3150  5064  2969  4009 12021  7964
97.5% 10973 22284 17498 30449 10473 16742 12240 14554 44266 33689

$Skjellvik$forekomst
       2014  2015  2016  2017  2019  2020  2021  2022  2023    2024
est   172.5 172.5 172.5 172.5 172.5 172.5 172.5 142.5 232.5 210.000
2.5%  105.0 105.0 105.0 105.0 105.0 105.0 105.0  82.5 157.5 142.125
97.5% 232.5 232.5 232.5 232.5 232.5 232.5 232.5 202.5 307.5 285.000


